22	53	49	1
19	37	39	1
24	48	44	1
119	116	139	0
116	116	131	0
125	124	126	0
171	159	208	0
152	146	148	0
137	132	136	0
22	71	67	1
13	42	37	1
2	64	53	1
6	47	41	1
142	157	153	1
150	165	161	1
36	90	75	1
27	68	53	1
132	150	149	1
16	56	38	1
121	138	135	0
104	118	114	0
143	157	151	0
134	152	149	0
118	135	132	0
126	135	144	0
22	43	31	1
15	34	25	1
24	58	47	1
165	168	182	1
27	48	40	1
21	53	40	1
34	88	71	1
44	76	65	1
23	51	37	1
19	45	31	1
19	61	43	1
24	44	32	1
12	64	61	1
12	61	63	1
21	74	72	1
155	132	175	0
159	134	175	0
158	136	176	0
