29	113	54	1
34	173	31	1
41	177	46	1
37	151	49	1
31	147	40	1
179	53	121	1
35	168	47	1
31	151	44	1
32	214	69	1
38	191	52	1
40	210	62	1
34	163	47	1
35	194	63	1
35	177	65	1
38	178	66	1
32	152	47	1
36	165	48	1
39	174	47	1
40	214	50	1
36	34	148	1
35	21	132	0
35	29	147	0
39	28	153	0
40	144	76	1
43	184	54	1
20	25	31	0
115	53	29	0
110	40	19	0
41	147	52	1
43	128	42	1
46	131	33	1
41	127	90	1
43	191	40	1
43	119	45	1
40	100	61	1
32	193	49	1
29	174	44	1
32	214	56	1
42	191	52	1
109	39	162	0
111	38	161	0
36	145	37	1
37	181	31	1
35	162	44	1
36	114	56	1
35	167	49	1
38	168	50	1
34	140	31	1
31	167	32	1
35	215	45	1
35	201	47	1
33	187	86	1
38	200	70	1
40	139	75	1
32	176	90	1
33	167	67	1
34	215	45	1
40	210	51	1
40	193	37	1
36	173	62	1
33	170	45	1
38	33	154	1
38	25	155	1
37	143	93	1
39	84	148	1
42	146	63	1
0	0	18	1
44	181	52	1
41	197	70	1
41	137	78	1
40	140	93	1
42	203	49	1
41	114	47	1
41	119	47	1
42	100	64	1
46	145	51	1
37	160	86	1
45	123	54	1
40	115	60	1
43	148	57	1
42	66	116	1
46	112	66	1
43	162	71	1
35	189	58	1
35	199	32	1
34	211	58	1
32	180	71	1
29	173	78	1
36	220	59	1
29	216	65	1
31	194	42	1
35	184	72	1
35	213	61	1
32	176	74	1
